↓　2020年12月
1231
1230
1229
1228
1227
1226
1225
1224
1223
1222
1221
1220
1219
1218
1217
1216
1215
1214
1213
1212
1211
1210
1209
1208
1207
1206
1205
1204
1203
1202
1201
↑　2020年12月
↓　2020年11月
1130
1129
1128
1127
1126
1125
1124
1123
1122
1121
1120
1119
1118
1117
1116
1115
1114
1113
1112
1111
1110
1109
1108
1107
1106
1105
1104
1103
1102
1101
↑　2020年11月
↓　2020年10月
1031
1030
1029
1028
1027
1026
1025
1024
1023
1022
1021
1020
1019
1018
1017
1016
1015
1014
1013
1012
1011
1010
1009
1008
1007
1006
1005
1004
1003
1002
1001
↑　2020年10月
↓　2020年9月
0930
0929
0928
0927
0926
0925
0924
0923
0922
0921
0920
0919
0918
0917
0916
0915
0914
0913
0912
0911
0910
0909
0908
0907
0906
0905
0904
0903
0902
0901
↑　2020年9月
↓　2020年8月
0831
0830
0829
0828
0827
0826
0825
0824
0823
0822
0821
0820
0819
0818
0817
0816
0815
0814
0813
0812
0811
0810
0809
0808
0807
0806
0805
0804
0803
0802
0801
↑　2020年8月
↓　2020年7月
0731
0730
0729
0728
0727
0726
0725
0724
0723
0722
0721
0720
0719
0718
0717
0716
0715
0714
0713
0712
0711
0710
0709
0708
0707
0706
0705
0704
0703
0702
0701
↑　2020年7月
↓　2020年6月
0630
0629
0628
0627
0626
0625
0624
0623
0622
0621
0620
0619
0618
0617
0616
0615
0614
0613
0612
0611
0610
0609
0608
0607
0606
0605
0604
0603
0602
0601
↑　2020年6月
↓　2020年5月
0531
0530
0529
0528
0527
0526
0525
0524
0523
0522
0521
0520
0519
0518
0517
0516
0515
0514
0513
0512
0511
0510
0509
0508
0507
0506
0505
0504
0503
0502
0501
↑　2020年5月
↓　2020年4月
0430
0429
0428
0427
0426
0425
0424
0423
0422
0421
0420
0419
0418
0417
0416
0415
0414
0413
0412
0411
0410
0409
0408
0407
0406
0405
0404
0403
0402
0401
↑　2020年4月
↓　2020年3月
0331
0330
0329
0328
0327
0326
0325
0324
0323
0322
0321
0320
0319
0318
0317
0316
0315
0314
0313
0312
0311
0310
0309
0308
0307
0306
0305
0304
0303
0302
0301
↑　2020年3月
↓　2020年2月
0229
0228
0227
0226
0225
0224
0223
0222
0221
0220
0219
0218
0217
0216
0215
0214
0213
0212
0211
0210
0209
0208
0207
0206
0205
0204
0203
0202
0201
↑　2020年2月
↓　2020年1月
0131
0130
0129
0128
0127
0126
0125
0124
0123
0122
0121
0120
0119
0118
0117
0116
0115
0114
0113
0112
0111
0110
0109
0108
0107
0106
0105
0104
0103
0102
0101
↑　2020年1月
